P0: 5.277631225585938e+02 0.000000000000e+00 6.297713012695312e+02 0.000000000000e+00 0.000000000000e+00 5.277631225585938e+02 3.413958740234375e+02 0.000000000000e+00 0.000000000000e+00 0.000000000000e+00 1.000000000000e+00 0.000000000000e+00
P1: 5.277631225585938e+02 0.000000000000e+00 6.297713012695312e+02 0.000000000000e+00 0.000000000000e+00 5.277631225585938e+02 3.413958740234375e+02 0.000000000000e+00 0.000000000000e+00 0.000000000000e+00 1.000000000000e+00 0.000000000000e+00
P2: 5.277631225585938e+02 0.000000000000e+00 6.297713012695312e+02 0.000000000000e+00 0.000000000000e+00 5.277631225585938e+02 3.413958740234375e+02 0.000000000000e+00 0.000000000000e+00 0.000000000000e+00 1.000000000000e+00 0.000000000000e+00
P3: 5.277631225585938e+02 0.000000000000e+00 6.297713012695312e+02 0.000000000000e+00 0.000000000000e+00 5.277631225585938e+02 3.413958740234375e+02 0.000000000000e+00 0.000000000000e+00 0.000000000000e+00 1.000000000000e+00 0.000000000000e+00
R0_rect: 1 0 0 0 1 0 0 0 1
Tr_velo_to_cam: 3.61567e-19 -1 -5.71051e-20 0.161304 -0.0104718 -5.31043e-20 -0.999945 0.00173012 0.999945 -9.90968e-19 -0.0104718 -0.227165
Tr_imu_to_velo: 1 0 0 0 0 1 0 0 0 0 1 0

